      +--------+  +--------+  +--------+
      |    8   |  |    7   |  |   15   |
[4] < |+2 +3 +2|  |+2 +2 +2|  |+5 +3 +2| > 10
[5] < |+3 +4 +3|  |+2 +1 +2|  |+3 +2 +3| > 10
[2] < |+8 +5 +4|  |+2 +2 +2|  |+4 +3 +6| > 10
      +--------+  +--------+  +--------+
            +--------+  +--------+
            |    9   |  |    5   |
            |+1 +2 +1|  |+1 +2 +1|
      [2] < |+1 +1 +1|  |+1 +1 +1|
            |+1 +2 +1|  |+1 +2 +1|
            +--------+  +--------+
              v     v     v     v
              4     5     6     6
