          +-------------+
          |     [13]    | +-------+    +-------+
          |             | |   16  |    |  11   |
   7 < +3 | +2 +1 +2 +3 | |       |    |       |
 [4] < +1 |    +2    +1 | | +4 +1 | +1 | +2 +1 | > 7
   9 < +1 | +2 +3 +2 +1 | | +3    | +4 |    +3 | > [5]
  10 < +2 |    +1    x2 | | +1 +2 | x2 | +2 +2 | > 10
  11 < +2 | +3 +3 x2 +1 | | +2    | +1 |    +1 | > 10
 [4] < +1 |    +2    +3 | | +3 +6 | +3 | +1 +2 | > 12
  10 < +1 | +1 +1 +1 +1 | | +2    | +2 |    +4 |
          +-------------+ | +1 +5 | +1 | +1 +4 |
       v    v  v     v    +-------+    +-------+
       7   [3] 3     6      v       v       v
                            10      8       7
